6
0 4 9 14 10 8
4 0 7 11 6 5
9 7 0 13 8 6
14 11 13 0 12 9
10 6 8 12 0 7
8 5 6 9 7 0
0 15 20 25 18 16
15 0 17 22 14 13
20 17 0 27 19 18
25 22 27 0 23 20
18 14 19 23 0 17
16 13 18 20 17 0